### 
# MAT-fem Shell T RM v1.1 
# 
MESH dimension   3   Elemtype Triangle   Nnode  3 
 
coordinates 
     1  4.82777e+01 -5.62064e+02   6.87026e+02 
     2  5.57258e+01 -5.76506e+02   6.86938e+02 
     3  5.64732e+01 -7.22449e+02   6.77759e+02 
     4 -2.02371e+02 -6.85806e+02   6.26510e+02 
     5 -2.29108e+02 -6.79606e+02   6.20628e+02 
     6 -2.41231e+02 -6.76641e+02   6.17909e+02 
     7 -3.10199e+02 -4.80548e+02   6.23335e+02 
     8  6.67038e+01 -5.54200e+02   6.88937e+02 
     9  7.33153e+01 -5.66755e+02   6.89120e+02 
    10  1.52737e+02 -7.06217e+02   6.96706e+02 
    11  1.27189e+02 -7.25335e+02   6.91131e+02 
    12 -2.05475e+02 -7.15483e+02   6.14946e+02 
    13  5.77304e+01 -7.50539e+02   6.62487e+02 
    14 -2.32773e+02 -7.09357e+02   6.09423e+02 
    15 -2.45150e+02 -7.06416e+02   6.06856e+02 
    16 -3.31087e+02 -6.51705e+02   5.96647e+02 
    17 -3.90465e+02 -6.32578e+02   5.81396e+02 
    18 -4.60740e+02 -6.07460e+02   5.61773e+02 
    19 -5.87330e+02 -5.53690e+02   5.19506e+02 
    20 -6.68798e+02 -3.97346e+02   5.18092e+02 
    21 -4.82908e+02 -4.40775e+02   5.84437e+02 
    22  4.25246e+01 -5.50593e+02   6.87060e+02 
    23 -3.13266e+02 -4.69721e+02   6.23872e+02 
    24  6.02258e+01 -5.41448e+02   6.88804e+02 
    25  1.40278e+02 -6.67915e+02   6.94604e+02 
    26  8.50223e+01 -5.40067e+02   6.89241e+02 
    27  1.58276e+02 -7.01987e+02   6.97948e+02 
    28  1.13968e+02 -7.34445e+02   6.87750e+02 
    29  8.39724e+01 -7.51772e+02   6.67369e+02 
    30  5.81860e+01 -7.54606e+02   6.56563e+02 
    31  5.92383e+01 -7.62115e+02   6.45758e+02 
    32 -2.13914e+02 -7.71851e+02   5.77893e+02 
    33 -2.31219e+02 -7.68865e+02   5.75526e+02 
    34 -3.36831e+02 -6.81462e+02   5.86368e+02 
    35 -3.35224e+02 -7.47447e+02   5.59262e+02 
    36 -3.97361e+02 -6.62121e+02   5.71216e+02 
    37 -4.69278e+02 -6.36400e+02   5.51118e+02 
    38 -5.59780e+02 -5.99370e+02   5.21048e+02 
    39 -6.75305e+02 -3.95890e+02   5.14773e+02 
    40 -6.42900e+02 -5.22923e+02   4.95016e+02 
    41 -6.84555e+02 -3.93792e+02   5.09828e+02 
    42 -6.66576e+02 -3.88066e+02   5.21084e+02 
    43 -4.80569e+02 -4.31251e+02   5.86394e+02 
    44 -2.46170e+01 -3.69080e+02   6.88008e+02 
    45 -3.77666e+02 -6.05711e-12   6.33603e+02 
    46 -7.01298e+01 -2.05587e-06   6.90275e+02 
    47 -5.37122e+00 -3.63829e+02   6.89423e+02 
    48  3.44103e+01 -3.62410e+02   6.89517e+02 
    49  7.51215e+01 -7.55886e+02   6.58859e+02 
    50 -3.34771e+02 -7.63463e+02   5.53545e+02 
    51 -4.77540e+02 -7.07253e+02   5.27105e+02 
    52 -4.92680e+02 -6.91295e+02   5.25519e+02 
    53 -5.19863e+02 -6.57988e+02   5.22992e+02 
    54 -6.42675e+02 -5.61976e+02   4.78876e+02 
    55 -6.43291e+02 -5.61038e+02   4.78740e+02 
    56 -6.72800e+02 -3.86753e+02   5.17974e+02 
    57 -6.87748e+02 -3.83824e+02   5.10022e+02 
    58 -6.96213e+02 -1.52947e+02   5.34683e+02 
    59 -6.22067e+02 -1.29377e+02   5.66473e+02 
    60 -4.87109e+02  2.80994e-15   6.08518e+02 
    61 -7.22465e+02 -1.59816e+02   5.20670e+02 
    62 -5.02287e+01 -9.12245e-07   6.91782e+02 
    63 -1.29249e+00        00000   6.90892e+02 
    64 -4.15472e+02 -7.55293e+02   5.33852e+02 
    65 -5.20917e+02 -7.12974e+02   5.00991e+02 
    66 -4.96272e+02 -7.34728e+02   5.04250e+02 
    67 -5.68770e+02 -6.62204e+02   4.93485e+02 
    68 -7.39354e+02 -1.63832e+02   5.10461e+02 
    69 -7.37593e+02 -1.63433e+02   5.11588e+02 
    70 -7.48153e+02 -1.01169e+02   5.10548e+02 
    71 -7.55716e+02 -5.78537e+01   5.10595e+02 
    72 -7.60808e+02 -4.27947e-15   5.10706e+02 
    73 -7.39947e+02 -1.59996e+02   5.10465e+02 
    74 -4.80159e+02 -7.47207e+02   5.06140e+02 
    75  5.60635e+01 -6.25051e+02   6.82349e+02 
    76  5.63223e+01 -6.73707e+02   6.79175e+02 
    77  1.29327e+01 -7.19242e+02   6.69431e+02 
    78 -3.05182e+01 -7.14877e+02   6.61162e+02 
    79 -7.38199e+01 -7.09319e+02   6.52826e+02 
    80 -1.16918e+02 -7.02581e+02   6.44308e+02 
    81 -1.59781e+02 -6.94735e+02   6.35554e+02 
    82 -2.56484e+02 -6.37930e+02   6.16473e+02 
    83 -2.71084e+02 -5.98943e+02   6.16560e+02 
    84 -2.84995e+02 -5.59738e+02   6.18229e+02 
    85 -2.98105e+02 -5.20303e+02   6.20748e+02 
    86 -2.65536e+02 -4.90756e+02   6.32073e+02 
    87 -2.20805e+02 -5.00936e+02   6.40481e+02 
    88 -1.76015e+02 -5.11097e+02   6.48598e+02 
    89 -1.31181e+02 -5.21252e+02   6.56476e+02 
    90 -8.63207e+01 -5.31419e+02   6.64187e+02 
    91 -4.14500e+01 -5.41616e+02   6.71797e+02 
    92  3.41941e+00 -5.51834e+02   6.79386e+02 
    93  6.44441e+01 -5.71664e+02   6.88819e+02 
    94  7.56203e+01 -6.12221e+02   6.87329e+02 
    95  9.78019e+01 -6.46520e+02   6.88900e+02 
    96  1.23255e+02 -6.78332e+02   6.92018e+02 
    97  9.18034e+01 -7.24214e+02   6.84522e+02 
    98 -2.04719e+02 -7.01645e+02   6.23506e+02 
    99  5.68041e+01 -7.38786e+02   6.74305e+02 
   100  1.35286e+01 -7.47577e+02   6.54564e+02 
   101 -3.06213e+01 -7.43488e+02   6.46855e+02 
   102 -7.46559e+01 -7.38243e+02   6.39187e+02 
   103 -1.18510e+02 -7.31811e+02   6.31389e+02 
   104 -1.62131e+02 -7.24218e+02   6.23335e+02 
   105 -2.31704e+02 -6.95362e+02   6.17614e+02 
   106 -2.43935e+02 -6.92356e+02   6.14873e+02 
   107 -2.86367e+02 -6.64754e+02   6.07480e+02 
   108 -3.60873e+02 -6.42358e+02   5.89129e+02 
   109 -4.25754e+02 -6.20286e+02   5.71787e+02 
   110 -5.03777e+02 -5.90784e+02   5.48640e+02 
   111 -5.46075e+02 -5.72990e+02   5.34606e+02 
   112 -6.09135e+02 -5.15369e+02   5.18700e+02 
   113 -6.30151e+02 -4.76602e+02   5.18506e+02 
   114 -6.50194e+02 -4.37322e+02   5.18458e+02 
   115 -6.32841e+02 -4.05584e+02   5.34769e+02 
   116 -5.96079e+02 -4.14148e+02   5.49408e+02 
   117 -5.58732e+02 -4.22912e+02   5.62354e+02 
   118 -5.20967e+02 -4.31791e+02   5.73941e+02 
   119 -4.40004e+02 -4.50875e+02   5.95182e+02 
   120 -3.96865e+02 -4.60812e+02   6.05110e+02 
   121 -3.53574e+02 -4.70636e+02   6.14471e+02 
   122 -2.68933e+02 -4.79846e+02   6.32516e+02 
   123 -2.24535e+02 -4.89944e+02   6.40853e+02 
   124 -1.80086e+02 -5.00027e+02   6.48932e+02 
   125 -1.35593e+02 -5.10107e+02   6.56769e+02 
   126 -9.10742e+01 -5.20203e+02   6.64439e+02 
   127 -4.65412e+01 -5.30315e+02   6.72003e+02 
   128 -2.00358e+00 -5.40444e+02   6.79517e+02 
   129  1.15066e+02 -6.36293e+02   6.91446e+02 
   130  9.31475e+01 -6.02167e+02   6.89905e+02 
   131  1.01771e+02 -5.83434e+02   6.89996e+02 
   132  1.20186e+02 -6.26097e+02   6.91595e+02 
   133  9.80682e+01 -7.44262e+02   6.79890e+02 
   134  1.37707e+01 -7.50664e+02   6.50441e+02 
   135 -3.05161e+01 -7.45805e+02   6.44056e+02 
   136 -7.46264e+01 -7.39954e+02   6.37292e+02 
   137 -1.18519e+02 -7.33056e+02   6.30115e+02 
   138 -1.62163e+02 -7.24998e+02   6.22634e+02 
   139  1.81212e+01 -7.72112e+02   6.24803e+02 
   140 -2.75336e+01 -7.75717e+02   6.12742e+02 
   141 -7.40906e+01 -7.75864e+02   6.03747e+02 
   142 -1.20710e+02 -7.75223e+02   5.95097e+02 
   143 -1.67331e+02 -7.73845e+02   5.86534e+02 
   144 -2.31477e+02 -7.38043e+02   5.90611e+02 
   145 -2.91224e+02 -6.94560e+02   5.96897e+02 
   146 -2.66083e+02 -7.62376e+02   5.70515e+02 
   147 -3.00756e+02 -7.55236e+02   5.65093e+02 
   148 -3.35526e+02 -7.13876e+02   5.71443e+02 
   149 -3.34548e+02 -6.67087e+02   5.93299e+02 
   150 -3.94474e+02 -6.47674e+02   5.77626e+02 
   151 -3.67208e+02 -6.72025e+02   5.78943e+02 
   152 -4.65338e+02 -6.22143e+02   5.57286e+02 
   153 -4.33501e+02 -6.49559e+02   5.61437e+02 
   154 -4.99882e+02 -6.24720e+02   5.41605e+02 
   155 -5.30089e+02 -6.12389e+02   5.31654e+02 
   156 -5.73788e+02 -5.76668e+02   5.20373e+02 
   157 -6.15673e+02 -5.38801e+02   5.07906e+02 
   158 -6.53289e+02 -4.79411e+02   5.03917e+02 
   159 -6.68472e+02 -4.36528e+02   5.08081e+02 
   160 -6.30529e+02 -3.96217e+02   5.37465e+02 
   161 -5.93727e+02 -4.04716e+02   5.51873e+02 
   162 -5.56370e+02 -4.13444e+02   5.64627e+02 
   163 -5.18612e+02 -4.22297e+02   5.76046e+02 
   164 -4.38997e+02 -4.41024e+02   5.96709e+02 
   165 -3.97210e+02 -4.50627e+02   6.06286e+02 
   166 -3.55274e+02 -4.60127e+02   6.15303e+02 
   167 -1.10337e+01 -4.15592e+02   6.87601e+02 
   168  4.57484e+00 -4.61464e+02   6.87261e+02 
   169  2.23421e+01 -5.06544e+02   6.87049e+02 
   170 -3.25383e+02 -4.23753e+02   6.25592e+02 
   171 -3.36312e+02 -3.77482e+02   6.27167e+02 
   172 -3.46005e+02 -3.30933e+02   6.28594e+02 
   173 -3.54385e+02 -2.84125e+02   6.29862e+02 
   174 -3.61492e+02 -2.37102e+02   6.30967e+02 
   175 -3.67325e+02 -1.89901e+02   6.31898e+02 
   176 -3.71830e+02 -1.42551e+02   6.32631e+02 
   177 -3.75042e+02 -9.50926e+01   6.33163e+02 
   178 -3.77003e+02 -4.75646e+01   6.33492e+02 
   179 -3.33916e+02 -8.16080e-07   6.42655e+02 
   180 -2.90088e+02 -1.88669e-06   6.51328e+02 
   181 -2.46193e+02 -2.84886e-06   6.59649e+02 
   182 -2.02234e+02 -2.18013e-06   6.67628e+02 
   183 -1.58230e+02 -1.15064e-07   6.75356e+02 
   184 -1.14193e+02  1.34931e-06   6.82892e+02 
   185 -6.94386e+01 -4.66079e+01   6.90237e+02 
   186 -6.73744e+01 -9.31751e+01   6.90118e+02 
   187 -6.39533e+01 -1.39662e+02   6.89914e+02 
   188 -5.91855e+01 -1.86030e+02   6.89624e+02 
   189 -5.29930e+01 -2.32228e+02   6.89261e+02 
   190 -4.52487e+01 -2.78191e+02   6.88852e+02 
   191 -3.58289e+01 -3.23839e+02   6.88424e+02 
   192  4.04977e+01 -4.98344e+02   6.88636e+02 
   193  2.31507e+01 -4.54226e+02   6.88764e+02 
   194  7.91619e+00 -4.09334e+02   6.89062e+02 
   195  4.47847e+01 -4.07447e+02   6.89232e+02 
   196  5.66209e+01 -4.52122e+02   6.89021e+02 
   197  7.00144e+01 -4.96356e+02   6.88971e+02 
   198 -2.54312e+02 -7.69556e+02   5.70168e+02 
   199 -2.94601e+02 -7.66760e+02   5.62051e+02 
   200 -3.71360e+02 -7.38438e+02   5.52461e+02 
   201 -4.07177e+02 -7.28749e+02   5.44944e+02 
   202 -4.42576e+02 -7.18317e+02   5.36503e+02 
   203 -4.80700e+02 -6.63645e+02   5.37636e+02 
   204 -5.40415e+02 -6.29093e+02   5.21718e+02 
   205 -6.02488e+02 -5.80485e+02   5.02592e+02 
   206 -6.41475e+02 -5.42560e+02   4.88177e+02 
   207 -6.59276e+02 -1.42274e+02   5.51721e+02 
   208 -5.86271e+02 -1.14420e+02   5.79051e+02 
   209 -5.51731e+02 -9.57655e+01   5.90034e+02 
   210 -5.20511e+02 -7.13076e+01   5.99263e+02 
   211 -4.96587e+02 -3.91902e+01   6.05937e+02 
   212 -4.50723e+02 -3.97336e-11   6.17291e+02 
   213 -4.14241e+02 -4.17536e-11   6.25653e+02 
   214 -6.85832e+02 -3.42096e+02   5.18019e+02 
   215 -6.97336e+02 -2.97022e+02   5.18437e+02 
   216 -7.07270e+02 -2.51580e+02   5.19106e+02 
   217 -7.15677e+02 -2.05832e+02   5.19889e+02 
   218 -6.02249e+01 -6.17545e-06   6.91718e+02 
   219 -4.95028e+01 -4.59424e+01   6.91719e+02 
   220 -4.74689e+01 -9.18462e+01   6.91557e+02 
   221 -4.40909e+01 -1.37670e+02   6.91301e+02 
   222 -3.94107e+01 -1.83379e+02   6.90976e+02 
   223 -3.33187e+01 -2.28920e+02   6.90602e+02 
   224 -2.56603e+01 -2.74223e+02   6.90202e+02 
   225 -1.64100e+01 -3.19229e+02   6.89802e+02 
   226 -8.03382e-01 -4.56004e+01   6.90873e+02 
   227  7.55462e-01 -9.11769e+01   6.90809e+02 
   228  3.31408e+00 -1.36708e+02   6.90705e+02 
   229  7.08867e+00 -1.82154e+02   6.90548e+02 
   230  1.20399e+01 -2.27487e+02   6.90342e+02 
   231  1.81757e+01 -2.72674e+02   6.90096e+02 
   232  2.56059e+01 -3.17667e+02   6.89815e+02 
   233 -3.75273e+02 -7.59622e+02   5.44217e+02 
   234 -4.48035e+02 -7.33281e+02   5.30249e+02 
   235 -5.07874e+02 -7.02856e+02   5.15114e+02 
   236 -4.87935e+02 -7.21878e+02   5.17570e+02 
   237 -5.45442e+02 -6.60179e+02   5.10092e+02 
   238 -5.45527e+02 -6.88221e+02   4.97319e+02 
   239 -5.94867e+02 -6.29873e+02   4.88749e+02 
   240 -6.19428e+02 -5.96380e+02   4.83869e+02 
   241 -6.99846e+02 -3.40251e+02   5.10366e+02 
   242 -7.11571e+02 -2.96575e+02   5.10368e+02 
   243 -7.22187e+02 -2.52617e+02   5.10385e+02 
   244 -7.31536e+02 -2.08372e+02   5.10415e+02 
   245 -7.22443e+02 -1.27013e+02   5.23270e+02 
   246 -7.23438e+02 -7.58698e+01   5.26961e+02 
   247 -6.90137e+02 -9.36000e+01   5.41496e+02 
   248 -6.56275e+02 -1.11398e+02   5.54585e+02 
   249 -7.59541e+02 -2.90394e+01   5.10641e+02 
   250 -7.17842e+02 -1.05860e-14   5.33369e+02 
   251 -6.73047e+02 -1.47389e-14   5.52192e+02 
   252 -6.27269e+02 -1.65074e-14   5.68497e+02 
   253 -5.80904e+02 -1.53234e-14   5.83056e+02 
   254 -5.34151e+02 -1.00877e-14   5.96318e+02 
   255 -7.44023e+02 -1.30578e+02   5.10509e+02 
   256 -4.48859e+02 -7.51306e+02   5.22416e+02 
   257 -1.78385e+02 -6.58982e+02   6.32839e+02 
   258 -9.04147e+01 -6.66267e+02   6.50789e+02 
   259 -2.29140e+02 -6.06552e+02   6.25495e+02 
   260 -1.16577e+02 -5.65490e+02   6.54236e+02 
   261 -2.74739e+01 -5.86359e+02   6.69625e+02 
   262  1.87308e+01 -6.51197e+02   6.73033e+02 
   263 -2.12050e+02 -6.60620e+02   6.25346e+02 
   264 -2.12028e+02 -5.39418e+02   6.37531e+02 
   265  2.40161e+01 -5.86398e+02   6.79700e+02 
   266 -2.00986e+02 -6.29471e+02   6.29737e+02 
   267 -1.67070e+02 -6.20016e+02   6.37885e+02 
   268 -1.36121e+02 -6.51624e+02   6.42162e+02 
   269 -9.94849e+01 -6.28114e+02   6.51265e+02 
   270 -6.05696e+01 -6.31595e+02   6.58808e+02 
   271 -1.89897e+02 -5.95340e+02   6.35411e+02 
   272 -8.47105e+01 -5.94006e+02   6.57468e+02 
   273 -2.53090e+02 -5.31711e+02   6.29508e+02 
   274 -1.68942e+02 -5.54508e+02   6.44782e+02 
   275 -2.35899e+02 -6.55742e+02   6.20156e+02 
   276 -4.70602e+01 -6.71948e+02   6.59157e+02 
   277 -1.76255e+01 -6.39757e+02   6.66681e+02 
   278 -6.13359e+00 -6.82250e+02   6.66761e+02 
   279 -2.44875e+02 -5.68925e+02   6.26339e+02 
   280 -1.29033e+02 -6.05475e+02   6.47253e+02 
   281 -2.26993e+02 -6.35929e+02   6.23428e+02 
   282  1.04971e+01 -6.16925e+02   6.74064e+02 
   283 -2.15264e+02 -5.75497e+02   6.32169e+02 
   284  2.67531e+01 -6.88971e+02   6.72902e+02 
   285 -1.53707e+02 -5.87749e+02   6.43999e+02 
   286 -6.80161e+01 -5.59674e+02   6.64586e+02 
   287  6.51412e+01 -5.64931e+02   6.89082e+02 
   288  5.75158e+01 -5.66292e+02   6.88267e+02 
   289  8.95201e+01 -6.88191e+02   6.85048e+02 
   290  1.12642e+02 -7.03725e+02   6.88983e+02 
   291 -9.51398e+00 -7.33186e+02   6.61988e+02 
   292  3.49133e+01 -7.37246e+02   6.70184e+02 
   293 -5.32975e+01 -7.28313e+02   6.53752e+02 
   294 -9.68556e+01 -7.22096e+02   6.45480e+02 
   295 -1.40078e+02 -7.14751e+02   6.36980e+02 
   296 -1.82932e+02 -7.06746e+02   6.28014e+02 
   297 -2.18677e+02 -7.02903e+02   6.18605e+02 
   298 -2.17528e+02 -6.93224e+02   6.22198e+02 
   299 -2.36651e+02 -6.86127e+02   6.18325e+02 
   300 -2.38559e+02 -7.01205e+02   6.12676e+02 
   301 -4.01542e+02 -5.94258e+02   5.82725e+02 
   302 -4.69938e+02 -5.66552e+02   5.65361e+02 
   303 -5.08489e+02 -4.67909e+02   5.71513e+02 
   304 -3.39847e+02 -6.16748e+02   5.97377e+02 
   305 -3.81323e+02 -5.01025e+02   6.03065e+02 
   306 -3.25906e+02 -5.50753e+02   6.09484e+02 
   307 -5.66787e+02 -5.18877e+02   5.38080e+02 
   308 -5.44596e+02 -4.59213e+02   5.60510e+02 
   309 -5.23888e+02 -5.32013e+02   5.52651e+02 
   310 -3.00271e+02 -6.28867e+02   6.06487e+02 
   311 -3.13638e+02 -5.89357e+02   6.07245e+02 
   312 -3.48981e+02 -5.80233e+02   5.99298e+02 
   313 -3.39090e+02 -5.11507e+02   6.12166e+02 
   314 -3.71409e+02 -6.05286e+02   5.90010e+02 
   315 -4.35141e+02 -5.78787e+02   5.74720e+02 
   316 -4.41746e+02 -5.40879e+02   5.79050e+02 
   317 -4.04921e+02 -5.54626e+02   5.87679e+02 
   318 -4.24180e+02 -4.88263e+02   5.93580e+02 
   319 -4.80827e+02 -5.24332e+02   5.69609e+02 
   320 -3.70557e+02 -5.40986e+02   5.99428e+02 
   321 -4.68389e+02 -4.81331e+02   5.81857e+02 
   322 -5.92755e+02 -4.81555e+02   5.35661e+02 
   323 -6.15380e+02 -4.44659e+02   5.34228e+02 
   324 -5.79660e+02 -4.50509e+02   5.48637e+02 
   325 -5.31524e+02 -4.95601e+02   5.57641e+02 
   326 -3.81165e+02 -5.74097e+02   5.91409e+02 
   327 -5.62470e+02 -4.85278e+02   5.47847e+02 
   328 -4.09698e+02 -5.21363e+02   5.91952e+02 
   329 -5.03064e+02 -5.58022e+02   5.55172e+02 
   330 -5.02431e+02 -5.00185e+02   5.67122e+02 
   331 -4.48552e+02 -5.08769e+02   5.82846e+02 
   332  5.46873e+01 -5.51950e+02   6.88785e+02 
   333  9.54637e+01 -6.24227e+02   6.89967e+02 
   334  7.43538e+01 -5.89665e+02   6.89022e+02 
   335  7.02170e+01 -7.43786e+02   6.73907e+02 
   336  7.13632e+01 -7.34348e+02   6.79249e+02 
   337  8.26405e+01 -7.41306e+02   6.78591e+02 
   338 -1.99025e+02 -7.46367e+02   5.94514e+02 
   339 -7.56138e+00 -7.60088e+02   6.32602e+02 
   340 -1.40205e+02 -7.49737e+02   6.08088e+02 
   341 -9.64662e+01 -7.54125e+02   6.16116e+02 
   342 -5.41928e+01 -7.57975e+02   6.23341e+02 
   343 -2.16423e+02 -7.53154e+02   5.86192e+02 
   344 -1.75080e+02 -7.41436e+02   6.04678e+02 
   345 -2.68738e+02 -7.28285e+02   5.85163e+02 
   346 -3.01690e+02 -7.22813e+02   5.77944e+02 
   347 -6.32235e+02 -5.02343e+02   5.09582e+02 
   348 -6.25122e+02 -5.20272e+02   5.08107e+02 
   349 -3.04931e+02 -3.43629e+02   6.36543e+02 
   350 -1.07784e+02 -1.64090e+02   6.81940e+02 
   351 -2.16900e+02 -3.54970e+01   6.64896e+02 
   352 -8.85232e+01 -2.63907e+02   6.81957e+02 
   353 -6.85585e+01 -3.55508e+02   6.80989e+02 
   354 -3.15008e+02 -2.08965e+02   6.42085e+02 
   355 -1.94731e+02 -4.57179e+02   6.50004e+02 
   356 -3.33045e+02 -1.15048e+02   6.41507e+02 
   357 -1.05374e+02 -4.76196e+02   6.65684e+02 
   358 -1.03844e+02 -6.92861e+01   6.84286e+02 
   359 -3.11988e+02 -3.86915e+01   6.46922e+02 
   360 -3.95863e+01 -4.49115e+02   6.80098e+02 
   361 -5.56371e+01 -4.01782e+02   6.80479e+02 
   362 -1.01415e+02 -3.87906e+02   6.73086e+02 
   363 -1.12717e+02 -3.42148e+02   6.73843e+02 
   364 -1.45877e+02 -3.74664e+02   6.65768e+02 
   365 -1.57015e+02 -3.29159e+02   6.66515e+02 
   366 -1.90070e+02 -3.61312e+02   6.58327e+02 
   367 -2.01165e+02 -3.15838e+02   6.59038e+02 
   368 -1.68018e+02 -2.83580e+02   6.66923e+02 
   369 -2.12351e+02 -2.70363e+02   6.59353e+02 
   370 -1.78927e+02 -2.38039e+02   6.66988e+02 
   371 -2.23364e+02 -2.24675e+02   6.59338e+02 
   372 -1.88390e+02 -1.91982e+02   6.66978e+02 
   373 -2.33815e+02 -1.78818e+02   6.59060e+02 
   374 -1.98982e+02 -1.46380e+02   6.66392e+02 
   375 -2.44371e+02 -1.33423e+02   6.58375e+02 
   376 -2.54268e+02 -2.56222e+02   6.52027e+02 
   377 -2.32608e+02 -3.47357e+02   6.51014e+02 
   378 -2.23123e+02 -3.93670e+02   6.49587e+02 
   379 -1.34319e+02 -4.22297e+02   6.64559e+02 
   380 -2.11977e+02 -1.03969e+02   6.64960e+02 
   381 -1.68066e+02 -1.14862e+02   6.72588e+02 
   382 -2.55821e+02 -9.09899e+01   6.57100e+02 
   383 -2.78281e+02 -1.65455e+02   6.51013e+02 
   384 -1.79969e+02 -6.96671e+01   6.71181e+02 
   385 -1.42245e+02 -2.03313e+02   6.74825e+02 
   386 -2.39354e+02 -4.48646e+02   6.41730e+02 
   387 -1.04040e+02 -1.12966e+02   6.83656e+02 
   388 -9.65590e+01 -2.16087e+02   6.82346e+02 
   389 -1.57068e+02 -1.57477e+02   6.73569e+02 
   390 -2.65667e+02 -3.73473e+02   6.42529e+02 
   391 -7.89948e+01 -3.10062e+02   6.81546e+02 
   392 -1.33844e+02 -2.50934e+02   6.74541e+02 
   393 -1.23110e+02 -2.96556e+02   6.74395e+02 
   394 -2.88569e+02 -1.21275e+02   6.50229e+02 
   395 -1.78606e+02 -4.03948e+02   6.57512e+02 
   396 -6.53957e+01 -4.83591e+02   6.72591e+02 
   397 -2.67583e+02 -2.11090e+02   6.51448e+02 
   398 -1.50339e+02 -4.66226e+02   6.57927e+02 
   399 -2.43220e+02 -3.01979e+02   6.51749e+02 
   400 -2.87715e+02 -2.89847e+02   6.43582e+02 
   401 -2.63190e+02 -4.49774e+01   6.56289e+02 
   402 -3.25471e+02 -1.58474e+02   6.41837e+02 
   403 -8.85750e+01 -4.34242e+02   6.72194e+02 
   404 -1.39015e+02 -4.02266e+01   6.78552e+02 
   405 -3.21562e+02 -2.60438e+02   6.38253e+02 
   406 -2.84379e+02 -4.37140e+02   6.33321e+02 
   407 -2.10160e+01 -4.94848e+02   6.79934e+02 
   408 -3.39875e+02 -6.78919e+01   6.40999e+02 
   409 -2.96394e+02 -7.81298e+01   6.49536e+02 
   410 -1.79233e+02 -2.90560e+01   6.71640e+02 
   411 -1.40056e+02 -8.78412e+01   6.77896e+02 
   412 -2.99843e+02 -3.94470e+02   6.33718e+02 
   413 -2.53976e+02 -4.12110e+02   6.41883e+02 
   414 -2.66469e+02 -3.31170e+02   6.45335e+02 
   415 -1.01731e+02 -3.29766e+01   6.84917e+02 
   416 -3.23247e+02 -3.03234e+02   6.35386e+02 
   417 -3.45981e+02 -3.29125e+01   6.40113e+02 
   418 -2.88370e+02 -2.42564e+02   6.45954e+02 
   419 -2.09492e+02 -4.25563e+02   6.49769e+02 
   420 -2.26553e+02 -7.12694e+01   6.62809e+02 
   421 -1.37355e+02 -1.26459e+02   6.77710e+02 
   422 -1.69033e+02 -4.37101e+02   6.56763e+02 
   423 -8.63958e+00 -3.89571e+02   6.89244e+02 
   424  5.77007e+00 -4.35285e+02   6.88914e+02 
   425  2.22132e+01 -4.80305e+02   6.88678e+02 
   426  4.11313e+01 -5.24583e+02   6.88634e+02 
   427 -4.53187e+02 -6.90979e+02   5.40302e+02 
   428 -3.92233e+02 -6.90031e+02   5.61901e+02 
   429 -4.23623e+02 -6.78782e+02   5.54605e+02 
   430 -4.52556e+02 -6.64293e+02   5.48465e+02 
   431 -3.64652e+02 -7.02303e+02   5.66683e+02 
   432 -4.75501e+02 -6.89701e+02   5.32508e+02 
   433 -3.87586e+02 -7.16168e+02   5.54643e+02 
   434 -4.19130e+02 -7.05185e+02   5.47945e+02 
   435 -5.18281e+02 -6.33883e+02   5.30486e+02 
   436 -4.98669e+02 -6.45317e+02   5.35621e+02 
   437 -6.26462e+02 -5.51615e+02   4.96185e+02 
   438 -6.02477e+02 -5.60177e+02   5.09199e+02 
   439 -6.70941e+02 -3.92071e+02   5.18046e+02 
   440 -5.70521e+02 -3.69860e+02   5.64665e+02 
   441 -5.47752e+02 -1.36252e+02   5.89768e+02 
   442 -3.97160e+02 -2.67915e+02   6.21278e+02 
   443 -6.68575e+02 -2.67202e+02   5.36757e+02 
   444 -4.87049e+02 -3.98113e+02   5.87985e+02 
   445 -4.09014e+02 -1.69077e+02   6.23518e+02 
   446 -6.30201e+02 -1.69263e+02   5.61303e+02 
   447 -4.81931e+02 -7.45434e+01   6.09080e+02 
   448 -3.85149e+02 -3.66565e+02   6.16956e+02 
   449 -4.30440e+02 -3.34537e+01   6.21856e+02 
   450 -6.50805e+02 -3.59659e+02   5.33224e+02 
   451 -5.07705e+02 -1.11951e+02   6.01593e+02 
   452 -5.12353e+02 -1.55257e+02   5.98781e+02 
   453 -5.46264e+02 -1.79834e+02   5.88153e+02 
   454 -5.09003e+02 -1.98246e+02   5.97600e+02 
   455 -5.42767e+02 -2.22515e+02   5.86649e+02 
   456 -5.06665e+02 -2.39016e+02   5.95814e+02 
   457 -5.39308e+02 -2.64676e+02   5.84685e+02 
   458 -5.01766e+02 -2.83857e+02   5.94008e+02 
   459 -5.76225e+02 -2.46510e+02   5.74549e+02 
   460 -5.72491e+02 -2.88615e+02   5.72228e+02 
   461 -4.72902e+02 -2.17559e+02   6.05977e+02 
   462 -4.63627e+02 -1.13508e+02   6.12628e+02 
   463 -6.09155e+02 -2.66112e+02   5.61436e+02 
   464 -6.04323e+02 -3.10666e+02   5.58807e+02 
   465 -6.10250e+02 -2.26128e+02   5.64490e+02 
   466 -6.68143e+02 -1.78445e+02   5.45493e+02 
   467 -4.10540e+02 -4.10825e+02   6.06913e+02 
   468 -4.40096e+02 -7.70368e+01   6.19059e+02 
   469 -5.88924e+02 -1.60880e+02   5.76081e+02 
   470 -4.22574e+02 -1.24439e+02   6.21956e+02 
   471 -5.68900e+02 -3.30943e+02   5.69378e+02 
   472 -3.89939e+02 -3.14254e+02   6.19876e+02 
   473 -4.25163e+02 -3.43543e+02   6.09247e+02 
   474 -4.30915e+02 -2.98315e+02   6.11287e+02 
   475 -4.67820e+02 -3.23119e+02   6.00069e+02 
   476 -4.04460e+02 -2.19767e+02   6.22290e+02 
   477 -4.41343e+02 -2.46835e+02   6.12120e+02 
   478 -4.55826e+02 -3.73643e+02   5.98857e+02 
   479 -5.36430e+02 -3.07228e+02   5.82055e+02 
   480 -5.33482e+02 -3.45760e+02   5.79399e+02 
   481 -6.12012e+02 -3.67123e+02   5.49274e+02 
   482 -3.68528e+02 -4.14828e+02   6.16602e+02 
   483 -6.79093e+02 -2.17764e+02   5.37138e+02 
   484 -6.61462e+02 -3.14172e+02   5.34341e+02 
   485 -5.78891e+02 -2.05135e+02   5.76673e+02 
   486 -4.77551e+02 -1.75740e+02   6.06906e+02 
   487 -5.26087e+02 -3.85065e+02   5.77727e+02 
   488 -5.05290e+02 -3.23763e+02   5.89779e+02 
   489 -6.29794e+02 -3.34452e+02   5.45938e+02 
   490 -4.41436e+02 -1.92595e+02   6.14981e+02 
   491 -4.49200e+02 -1.52905e+02   6.14796e+02 
   492 -6.44973e+02 -2.40212e+02   5.49906e+02 
   493 -4.64283e+02 -3.73768e+01   6.13912e+02 
   494 -4.64858e+02 -2.81493e+02   6.03996e+02 
   495 -6.40339e+02 -2.04302e+02   5.54911e+02 
   496 -4.51044e+02 -4.07267e+02   5.96928e+02 
   497 -4.93081e+02 -3.57453e+02   5.90216e+02 
   498 -4.06528e+02 -6.22722e+01   6.26906e+02 
   499 -6.96506e+02 -1.83256e+02   5.32059e+02 
   500 -6.37600e+02 -2.86773e+02   5.48197e+02 
   501 -6.10034e+02 -1.95073e+02   5.66874e+02 
   502 -4.82557e+02 -1.42123e+02   6.07025e+02 
   503 -4.01885e+02 -2.88983e+01   6.28275e+02 
   504 -4.76574e+02 -2.52214e+02   6.02958e+02 
   505 -4.23803e+02 -3.78226e+02   6.06629e+02 
   506 -5.95252e+02 -3.40715e+02   5.58942e+02 
   507 -4.02757e+02 -1.00499e+02   6.27032e+02 
   508 -5.83769e+01 -6.93326e+01   6.91668e+02 
   509 -6.01810e+01 -2.34373e+01   6.91726e+02 
   510 -2.05055e+01 -3.43929e+02   6.89648e+02 
   511 -5.59795e+01 -1.15611e+02   6.91445e+02 
   512 -3.07173e+01 -2.98770e+02   6.90049e+02 
   513 -5.19257e+01 -1.61720e+02   6.91167e+02 
   514 -3.92989e+01 -2.53314e+02   6.90453e+02 
   515 -4.65080e+01 -2.07684e+02   6.90820e+02 
   516 -2.55418e+01 -2.53944e+01   6.90776e+02 
   517 -2.38597e+01 -6.67985e+01   6.90704e+02 
   518 -4.27104e+02 -7.34057e+02   5.37056e+02 
   519 -3.91367e+02 -7.44342e+02   5.44848e+02 
   520 -5.02599e+02 -7.16348e+02   5.11970e+02 
   521 -4.93253e+02 -7.06604e+02   5.20950e+02 
   522 -5.30828e+02 -6.78951e+02   5.11669e+02 
   523 -5.25724e+02 -6.93733e+02   5.08620e+02 
   524 -5.15941e+02 -6.85607e+02   5.17134e+02 
   525 -5.69051e+02 -6.34452e+02   5.05207e+02 
   526 -5.85495e+02 -6.06899e+02   5.04545e+02 
   527 -7.27472e+02 -1.84708e+02   5.15482e+02 
   528 -7.32193e+02 -1.67964e+02   5.14396e+02 
   529 -6.84753e+02 -1.25801e+02   5.41816e+02 
   530 -5.90135e+02 -7.18834e+01   5.79212e+02 
   531 -6.59551e+02 -7.11085e+01   5.55399e+02 
   532 -7.39258e+02 -3.36204e+01   5.21910e+02 
   533 -6.37159e+02 -3.67429e+01   5.64719e+02 
   534 -7.06507e+02 -3.64245e+01   5.37699e+02 
   535 -5.67355e+02 -4.69840e+01   5.86622e+02 
   536 -6.01058e+02 -3.81574e+01   5.76571e+02 
   537 -6.24554e+02 -9.02535e+01   5.67299e+02 
   538 -6.20814e+02 -6.17156e+01   5.69595e+02 
   539 -5.53788e+02 -7.41688e+01   5.90001e+02 
   540 -5.27807e+02 -4.14143e+01   5.97770e+02 
   541 -6.91390e+02 -6.64652e+01   5.42748e+02 
   542 -6.73710e+02 -4.34728e+01   5.51107e+02 
   543 -6.91511e+02 -2.04468e+01   5.44646e+02 
   544 -7.32378e+02 -1.44616e+02   5.16358e+02 
   545 -7.32292e+02 -1.56785e+02   5.15378e+02 
   546 -4.72075e+02 -7.27906e+02   5.22652e+02 
   547 -4.79747e+02 -7.34896e+02   5.15252e+02 
   548 -4.65894e+02 -7.40052e+02   5.19963e+02 
end coordinates 
 
elements 
     1      1     92     22 1 
     2      1    265     92 1 
     3      1    288      2 1 
     4      1    332      8 1 
     5      2     94     75 1 
     6      2    265      1 1 
     7      2    288     93 1 
     8      2    334     94 1 
     9      3    284     76 1 
    10      3    289     97 1 
    11      3    292     77 1 
    12      3    336     99 1 
    13      4    257     81 1 
    14      4    263    257 1 
    15      4    296     98 1 
    16      4    298      5 1 
    17      5    263      4 1 
    18      5    275    263 1 
    19      5    298    105 1 
    20      5    299      6 1 
    21      6    275      5 1 
    22      6    299    106 1 
    23      7     86     85 1 
    24      7    313    121 1 
    25      8    288      1 1 
    26      8    332     24 1 
    27      9      8     26 1 
    28      9    287      8 1 
    29      9    334     93 1 
    30     10    290     96 1 
    31     11     28     97 1 
    32     11    290     10 1 
    33     12    104    138 1 
    34     12    144     14 1 
    35     12    296    104 1 
    36     12    297     98 1 
    37     12    338    144 1 
    38     12    344    338 1 
    39     13     30    100 1 
    40     13     49     30 1 
    41     13    292     99 1 
    42     13    335     29 1 
    43     14    144     15 1 
    44     14    297     12 1 
    45     14    300    105 1 
    46     15    300     14 1 
    47     15    345    145 1 
    48     16    310    107 1 
    49     17    314    108 1 
    50     18    152    154 1 
    51     18    154    110 1 
    52     18    315    109 1 
    53     19    307    111 1 
    54     19    438    157 1 
    55     20    439     42 1 
    56     21     43    119 1 
    57     21    118    163 1 
    58     21    303    118 1 
    59     21    321    303 1 
    60     22     92    128 1 
    61     22    332      1 1 
    62     22    426     24 1 
    63     23    166    170 1 
    64     23    406    122 1 
    65     24     26      8 1 
    66     24    192    197 1 
    67     24    197     26 1 
    68     24    332     22 1 
    69     24    426    192 1 
    70     25     27     96 1 
    71     25    129    132 1 
    72     27     10     96 1 
    73     28    133     97 1 
    74     29     49     13 1 
    75     29    337    133 1 
    76     30     31    134 1 
    77     30     49     31 1 
    78     32    338    143 1 
    79     32    343    338 1 
    80     33     32    198 1 
    81     33    343     32 1 
    82     34    346    148 1 
    83     34    431    151 1 
    84     35    147     50 1 
    85     35    346    147 1 
    86     36    150    151 1 
    87     36    429    153 1 
    88     37    430    203 1 
    89     37    436    154 1 
    90     38    111    155 1 
    91     38    526    205 1 
    92     39     20    114 1 
    93     39    439     20 1 
    94     40    348    157 1 
    95     40    437    206 1 
    96     41     39    114 1 
    97     41     56     39 1 
    98     42    439     56 1 
    99     42    450    160 1 
   100     43     21    163 1 
   101     43    164    119 1 
   102     43    496    164 1 
   103     44    353    191 1 
   104     44    361    353 1 
   105     44    423    167 1 
   106     44    510     47 1 
   107     45    417    178 1 
   108     45    503    213 1 
   109     46    415    184 1 
   110     46    509    185 1 
   111     47     48    195 1 
   112     47    195    194 1 
   113     47    423     44 1 
   114     47    510    225 1 
   115     48     47    232 1 
   116     51    202    234 1 
   117     51    427    202 1 
   118     51    432    427 1 
   119     51    521     52 1 
   120     51    546    236 1 
   121     52    432     51 1 
   122     52    521    235 1 
   123     52    524     53 1 
   124     53    436    203 1 
   125     53    522    237 1 
   126     53    524    522 1 
   127     54    205    240 1 
   128     54    437    205 1 
   129     56    439     39 1 
   130     56    450     42 1 
   131     57     56     41 1 
   132     57    241     56 1 
   133     58    499     61 1 
   134     58    529    207 1 
   135     59    207    248 1 
   136     59    446    207 1 
   137     59    469    446 1 
   138     59    537    208 1 
   139     60    211    254 1 
   140     60    493    211 1 
   141     61    245     58 1 
   142     61    499    217 1 
   143     61    528     69 1 
   144     61    544    245 1 
   145     61    545    544 1 
   146     62    509    218 1 
   147     62    516    219 1 
   148     63    516     62 1 
   149     64    518    201 1 
   150     64    519    233 1 
   151     65    520     66 1 
   152     65    523    235 1 
   153     66    520    236 1 
   154     66    547     74 1 
   155     67    525    237 1 
   156     68     73     69 1 
   157     68    527    244 1 
   158     68    528    527 1 
   159     69    528     68 1 
   160     69    545     61 1 
   161     71    532    246 1 
   162     72    532    249 1 
   163     72    534    532 1 
   164     73    545     69 1 
   165     74    548    256 1 
   166     75     94     95 1 
   167     75    265      2 1 
   168     75    282    265 1 
   169     76     75     95 1 
   170     76    262     75 1 
   171     76    284    262 1 
   172     76    289      3 1 
   173     77    284      3 1 
   174     77    291     78 1 
   175     77    292    100 1 
   176     78    278     77 1 
   177     78    291    101 1 
   178     78    293     79 1 
   179     79    276     78 1 
   180     79    293    102 1 
   181     79    294     80 1 
   182     80    258     79 1 
   183     80    268    258 1 
   184     80    294    103 1 
   185     80    295     81 1 
   186     81    268     80 1 
   187     81    295    104 1 
   188     81    296      4 1 
   189     82      6    107 1 
   190     82    275      6 1 
   191     82    281    275 1 
   192     82    310     83 1 
   193     83    259     82 1 
   194     83    279    259 1 
   195     83    311     84 1 
   196     84    279     83 1 
   197     84    306     85 1 
   198     84    311    306 1 
   199     85    273     84 1 
   200     85    313      7 1 
   201     86      7    122 1 
   202     86    273     85 1 
   203     87     86    123 1 
   204     87    273     86 1 
   205     88     87    124 1 
   206     88    264     87 1 
   207     88    274    264 1 
   208     89     88    125 1 
   209     89    274     88 1 
   210     90     89    126 1 
   211     90    260     89 1 
   212     90    286    260 1 
   213     91     90    127 1 
   214     91    286     90 1 
   215     92     91    128 1 
   216     92    261     91 1 
   217     92    265    261 1 
   218     93    287      9 1 
   219     93    288    287 1 
   220     93    334      2 1 
   221     94    333     95 1 
   222     94    334    130 1 
   223     95    129     96 1 
   224     95    289     76 1 
   225     95    333    129 1 
   226     96    129     25 1 
   227     96    289     95 1 
   228     96    290    289 1 
   229     97    290     11 1 
   230     97    336      3 1 
   231     97    337    336 1 
   232     98    296     12 1 
   233     98    298      4 1 
   234     99    292      3 1 
   235     99    335     13 1 
   236     99    336    335 1 
   237    100     30    134 1 
   238    100    134    101 1 
   239    100    291     77 1 
   240    100    292     13 1 
   241    101    134    135 1 
   242    101    291    100 1 
   243    101    293     78 1 
   244    102    101    135 1 
   245    102    135    136 1 
   246    102    293    101 1 
   247    102    294     79 1 
   248    103    102    136 1 
   249    103    136    137 1 
   250    103    294    102 1 
   251    103    295     80 1 
   252    104    103    137 1 
   253    104    137    138 1 
   254    104    295    103 1 
   255    104    296     81 1 
   256    105    297     14 1 
   257    105    298    297 1 
   258    105    299      5 1 
   259    105    300    106 1 
   260    106    299    105 1 
   261    106    300     15 1 
   262    107      6    106 1 
   263    107    310     82 1 
   264    108    304     16 1 
   265    108    314    304 1 
   266    109    301     17 1 
   267    109    315    301 1 
   268    110    154    155 1 
   269    110    155    111 1 
   270    110    302     18 1 
   271    110    329    302 1 
   272    111    156     19 1 
   273    111    329    110 1 
   274    112    307     19 1 
   275    112    322    307 1 
   276    112    347    113 1 
   277    112    348    347 1 
   278    113    322    112 1 
   279    113    323    322 1 
   280    113    347    158 1 
   281    114    323    113 1 
   282    115     20     42 1 
   283    115    114     20 1 
   284    115    323    114 1 
   285    116    115    160 1 
   286    116    323    115 1 
   287    116    324    323 1 
   288    117    116    161 1 
   289    117    324    116 1 
   290    118    117    162 1 
   291    118    308    117 1 
   292    119    165    120 1 
   293    119    321     21 1 
   294    120    165    166 1 
   295    120    166    121 1 
   296    120    318    119 1 
   297    121    166      7 1 
   298    121    305    120 1 
   299    121    313    305 1 
   300    122      7     23 1 
   301    122    386    123 1 
   302    122    406    386 1 
   303    123     86    122 1 
   304    123    355    124 1 
   305    123    386    355 1 
   306    124     87    123 1 
   307    124    398    125 1 
   308    125     88    124 1 
   309    125    357    126 1 
   310    125    398    357 1 
   311    126     89    125 1 
   312    126    396    127 1 
   313    127     90    126 1 
   314    127    407    128 1 
   315    128     91    127 1 
   316    128    169     22 1 
   317    128    407    169 1 
   318    129    130    132 1 
   319    129    333    130 1 
   320    130      9    131 1 
   321    130    333     94 1 
   322    130    334      9 1 
   323    131      9     26 1 
   324    132    130    131 1 
   325    133    337     97 1 
   326    134     31    139 1 
   327    134    339    135 1 
   328    135    339    140 1 
   329    135    342    136 1 
   330    136    341    137 1 
   331    136    342    341 1 
   332    137    340    138 1 
   333    137    341    340 1 
   334    138    344     12 1 
   335    139    339    134 1 
   336    140    339    139 1 
   337    140    342    135 1 
   338    141    342    140 1 
   339    142    341    141 1 
   340    143    340    142 1 
   341    143    344    340 1 
   342    144     33    146 1 
   343    144    343     33 1 
   344    144    345     15 1 
   345    145    106     15 1 
   346    145    107    106 1 
   347    145    346     34 1 
   348    146     33    198 1 
   349    146    198    199 1 
   350    146    345    144 1 
   351    147    146    199 1 
   352    147    199     50 1 
   353    147    345    146 1 
   354    147    346    345 1 
   355    148     35    200 1 
   356    148    346     35 1 
   357    148    431     34 1 
   358    149     16    107 1 
   359    149    107    145 1 
   360    149    108     16 1 
   361    149    145     34 1 
   362    150     17    108 1 
   363    150    109     17 1 
   364    151    108    149 1 
   365    151    149     34 1 
   366    151    150    108 1 
   367    151    428     36 1 
   368    151    431    428 1 
   369    152     18    109 1 
   370    152     37    154 1 
   371    153     37    152 1 
   372    153    109    150 1 
   373    153    150     36 1 
   374    153    152    109 1 
   375    153    430     37 1 
   376    154    435    155 1 
   377    154    436    435 1 
   378    155    204     38 1 
   379    155    435    204 1 
   380    156     38    205 1 
   381    156    111     38 1 
   382    156    438     19 1 
   383    157    112     19 1 
   384    157    348    112 1 
   385    157    437     40 1 
   386    157    438    437 1 
   387    158    114    113 1 
   388    158    159    114 1 
   389    158    347     40 1 
   390    159     41    114 1 
   391    160    115     42 1 
   392    160    481    161 1 
   393    161    116    160 1 
   394    161    440    162 1 
   395    161    481    440 1 
   396    162    117    161 1 
   397    162    487    163 1 
   398    163    118    162 1 
   399    163    444     43 1 
   400    163    487    444 1 
   401    164    165    119 1 
   402    164    467    165 1 
   403    164    496    467 1 
   404    165    482    166 1 
   405    166     23      7 1 
   406    166    482    170 1 
   407    167    361     44 1 
   408    167    423    194 1 
   409    167    424    168 1 
   410    168    360    167 1 
   411    168    407    360 1 
   412    168    424    193 1 
   413    168    425    169 1 
   414    169    407    168 1 
   415    169    425    192 1 
   416    169    426     22 1 
   417    170    406     23 1 
   418    170    412    406 1 
   419    170    482    171 1 
   420    171    412    170 1 
   421    171    448    172 1 
   422    171    482    448 1 
   423    172    349    171 1 
   424    172    416    349 1 
   425    172    472    173 1 
   426    173    416    172 1 
   427    173    442    174 1 
   428    173    472    442 1 
   429    174    405    173 1 
   430    174    476    175 1 
   431    175    354    174 1 
   432    175    402    354 1 
   433    175    445    176 1 
   434    175    476    445 1 
   435    176    402    175 1 
   436    176    507    177 1 
   437    177    356    176 1 
   438    177    408    356 1 
   439    177    498    178 1 
   440    177    507    498 1 
   441    178    408    177 1 
   442    178    417    408 1 
   443    178    503     45 1 
   444    179    417     45 1 
   445    180    359    179 1 
   446    180    401    359 1 
   447    181    401    180 1 
   448    182    351    181 1 
   449    182    410    351 1 
   450    183    410    182 1 
   451    184    404    183 1 
   452    184    415    404 1 
   453    185    415     46 1 
   454    185    508    186 1 
   455    185    509    219 1 
   456    186    358    185 1 
   457    186    387    358 1 
   458    186    508    220 1 
   459    186    511    187 1 
   460    187    387    186 1 
   461    187    511    221 1 
   462    187    513    188 1 
   463    188    350    187 1 
   464    188    388    350 1 
   465    188    513    222 1 
   466    188    515    189 1 
   467    189    388    188 1 
   468    189    514    190 1 
   469    189    515    223 1 
   470    190    352    189 1 
   471    190    391    352 1 
   472    190    512    191 1 
   473    190    514    224 1 
   474    191    391    190 1 
   475    191    510     44 1 
   476    191    512    225 1 
   477    192    425    193 1 
   478    192    426    169 1 
   479    193    424    194 1 
   480    193    425    168 1 
   481    194    423     47 1 
   482    194    424    167 1 
   483    195    193    194 1 
   484    196    192    193 1 
   485    196    193    195 1 
   486    197    192    196 1 
   487    200     35     50 1 
   488    200     50    233 1 
   489    200    431    148 1 
   490    200    433    431 1 
   491    200    519    201 1 
   492    201    433    200 1 
   493    201    434    433 1 
   494    201    518    202 1 
   495    201    519     64 1 
   496    202    434    201 1 
   497    202    518    234 1 
   498    203     52     53 1 
   499    203    430    427 1 
   500    203    432     52 1 
   501    203    436     37 1 
   502    204    435     53 1 
   503    204    525     38 1 
   504    205    438    156 1 
   505    205    526    240 1 
   506    206     54     55 1 
   507    206    437     54 1 
   508    207    466     58 1 
   509    207    529    248 1 
   510    208    469     59 1 
   511    208    537    530 1 
   512    208    539    209 1 
   513    209    441    208 1 
   514    209    451    441 1 
   515    209    539    210 1 
   516    210    451    209 1 
   517    210    540    211 1 
   518    211    447    210 1 
   519    211    493    447 1 
   520    211    540    254 1 
   521    212    493     60 1 
   522    213    449    212 1 
   523    213    503    449 1 
   524    214    450     56 1 
   525    214    484    450 1 
   526    215    484    214 1 
   527    216    443    215 1 
   528    216    483    443 1 
   529    217    483    216 1 
   530    217    499    483 1 
   531    217    527     61 1 
   532    218    509     46 1 
   533    219    508    185 1 
   534    219    509     62 1 
   535    219    517    220 1 
   536    220    508    219 1 
   537    220    511    186 1 
   538    220    517    227 1 
   539    221    511    220 1 
   540    221    513    187 1 
   541    222    513    221 1 
   542    222    515    188 1 
   543    223    514    189 1 
   544    223    515    222 1 
   545    224    512    190 1 
   546    224    514    223 1 
   547    225    510    191 1 
   548    225    512    224 1 
   549    226    516     63 1 
   550    226    517    516 1 
   551    227    221    220 1 
   552    227    228    221 1 
   553    227    517    226 1 
   554    228    222    221 1 
   555    228    229    222 1 
   556    229    223    222 1 
   557    229    230    223 1 
   558    230    224    223 1 
   559    230    231    224 1 
   560    231    225    224 1 
   561    231    232    225 1 
   562    232     47    225 1 
   563    233    519    200 1 
   564    234    518     64 1 
   565    234    546     51 1 
   566    234    548    546 1 
   567    235    520     65 1 
   568    235    521    520 1 
   569    235    524     52 1 
   570    236    521     51 1 
   571    236    547     66 1 
   572    237    204     53 1 
   573    237    522    238 1 
   574    237    525    204 1 
   575    238     67    237 1 
   576    238    523     65 1 
   577    239    525     67 1 
   578    239    526    525 1 
   579    240    526    239 1 
   580    241    214     56 1 
   581    241    215    214 1 
   582    241    242    215 1 
   583    242    216    215 1 
   584    242    243    216 1 
   585    243    217    216 1 
   586    243    244    217 1 
   587    244    527    217 1 
   588    245    255     70 1 
   589    245    529     58 1 
   590    245    544    255 1 
   591    246     70     71 1 
   592    246    245     70 1 
   593    246    247    245 1 
   594    246    541    247 1 
   595    247    529    245 1 
   596    247    531    248 1 
   597    247    541    531 1 
   598    248    529    247 1 
   599    248    537     59 1 
   600    249    532     71 1 
   601    250    534     72 1 
   602    250    543    534 1 
   603    251    543    250 1 
   604    252    533    251 1 
   605    252    536    533 1 
   606    253    536    252 1 
   607    253    540    535 1 
   608    254    540    253 1 
   609    255    544     73 1 
   610    256    234     64 1 
   611    256    548    234 1 
   612    257    268     81 1 
   613    258    276     79 1 
   614    259    271    266 1 
   615    259    281     82 1 
   616    259    283    271 1 
   617    260    274     89 1 
   618    260    285    274 1 
   619    260    286    272 1 
   620    261    277    270 1 
   621    261    282    277 1 
   622    261    286     91 1 
   623    262    278    277 1 
   624    262    282     75 1 
   625    262    284    278 1 
   626    263    266    257 1 
   627    263    281    266 1 
   628    264    273     87 1 
   629    264    279    273 1 
   630    264    283    279 1 
   631    265    282    261 1 
   632    266    267    257 1 
   633    266    271    267 1 
   634    266    281    259 1 
   635    267    268    257 1 
   636    267    280    268 1 
   637    267    285    280 1 
   638    268    269    258 1 
   639    268    280    269 1 
   640    269    270    258 1 
   641    269    272    270 1 
   642    269    280    272 1 
   643    270    272    261 1 
   644    270    276    258 1 
   645    270    277    276 1 
   646    271    283    274 1 
   647    271    285    267 1 
   648    272    280    260 1 
   649    272    286    261 1 
   650    273    279     84 1 
   651    274    283    264 1 
   652    274    285    271 1 
   653    275    281    263 1 
   654    276    278     78 1 
   655    277    278    276 1 
   656    277    282    262 1 
   657    278    284     77 1 
   658    279    283    259 1 
   659    280    285    260 1 
   660    287    288      8 1 
   661    289    290     97 1 
   662    297    298     98 1 
   663    301    314     17 1 
   664    301    326    314 1 
   665    302    315     18 1 
   666    302    316    315 1 
   667    302    319    316 1 
   668    302    329    319 1 
   669    303    308    118 1 
   670    303    325    308 1 
   671    303    330    325 1 
   672    304    310     16 1 
   673    304    311    310 1 
   674    304    312    311 1 
   675    304    314    312 1 
   676    305    318    120 1 
   677    305    328    318 1 
   678    306    313     85 1 
   679    306    320    313 1 
   680    307    309    111 1 
   681    307    325    309 1 
   682    307    327    325 1 
   683    308    324    117 1 
   684    308    327    324 1 
   685    309    329    111 1 
   686    309    330    319 1 
   687    310    311     83 1 
   688    311    312    306 1 
   689    312    320    306 1 
   690    312    326    320 1 
   691    313    320    305 1 
   692    314    326    312 1 
   693    315    317    301 1 
   694    316    317    315 1 
   695    316    328    317 1 
   696    316    331    328 1 
   697    317    326    301 1 
   698    317    328    320 1 
   699    318    321    119 1 
   700    318    331    321 1 
   701    319    329    309 1 
   702    319    330    321 1 
   703    319    331    316 1 
   704    320    326    317 1 
   705    320    328    305 1 
   706    321    330    303 1 
   707    321    331    319 1 
   708    322    327    307 1 
   709    323    324    322 1 
   710    324    327    322 1 
   711    325    327    308 1 
   712    325    330    309 1 
   713    328    331    318 1 
   714    335    337     29 1 
   715    336    337    335 1 
   716    338    343    144 1 
   717    338    344    143 1 
   718    340    341    142 1 
   719    340    344    138 1 
   720    341    342    141 1 
   721    345    346    145 1 
   722    347    348     40 1 
   723    349    412    171 1 
   724    349    414    390 1 
   725    349    416    400 1 
   726    350    387    187 1 
   727    350    388    385 1 
   728    350    421    387 1 
   729    351    401    181 1 
   730    351    410    384 1 
   731    351    420    401 1 
   732    352    388    189 1 
   733    352    392    388 1 
   734    352    393    392 1 
   735    353    391    191 1 
   736    354    402    383 1 
   737    354    405    174 1 
   738    354    418    405 1 
   739    355    398    124 1 
   740    355    422    398 1 
   741    356    402    176 1 
   742    356    409    394 1 
   743    357    396    126 1 
   744    357    398    379 1 
   745    357    403    396 1 
   746    358    411    404 1 
   747    358    415    185 1 
   748    359    409    408 1 
   749    359    417    179 1 
   750    360    361    167 1 
   751    360    403    361 1 
   752    360    407    396 1 
   753    361    362    353 1 
   754    361    403    362 1 
   755    362    363    353 1 
   756    362    364    363 1 
   757    362    379    364 1 
   758    362    403    379 1 
   759    363    391    353 1 
   760    363    393    391 1 
   761    364    365    363 1 
   762    364    366    365 1 
   763    364    395    366 1 
   764    365    393    363 1 
   765    366    367    365 1 
   766    366    377    367 1 
   767    366    378    377 1 
   768    366    395    378 1 
   769    367    368    365 1 
   770    367    369    368 1 
   771    367    399    369 1 
   772    368    393    365 1 
   773    369    370    368 1 
   774    369    371    370 1 
   775    369    376    371 1 
   776    369    399    376 1 
   777    370    392    368 1 
   778    371    372    370 1 
   779    371    373    372 1 
   780    371    397    373 1 
   781    372    385    370 1 
   782    372    389    385 1 
   783    373    374    372 1 
   784    373    375    374 1 
   785    373    383    375 1 
   786    373    397    383 1 
   787    374    389    372 1 
   788    375    380    374 1 
   789    375    382    380 1 
   790    375    394    382 1 
   791    376    397    371 1 
   792    376    418    397 1 
   793    377    399    367 1 
   794    377    414    399 1 
   795    378    390    377 1 
   796    378    413    390 1 
   797    378    419    413 1 
   798    379    395    364 1 
   799    379    403    357 1 
   800    379    422    395 1 
   801    380    381    374 1 
   802    380    384    381 1 
   803    380    420    384 1 
   804    381    389    374 1 
   805    381    421    389 1 
   806    382    409    401 1 
   807    382    420    380 1 
   808    383    394    375 1 
   809    383    397    354 1 
   810    383    402    394 1 
   811    384    410    404 1 
   812    384    411    381 1 
   813    384    420    351 1 
   814    385    389    350 1 
   815    385    392    370 1 
   816    386    419    355 1 
   817    387    411    358 1 
   818    387    421    411 1 
   819    388    392    385 1 
   820    389    421    350 1 
   821    390    412    349 1 
   822    390    413    412 1 
   823    390    414    377 1 
   824    391    393    352 1 
   825    392    393    368 1 
   826    394    402    356 1 
   827    394    409    382 1 
   828    395    419    378 1 
   829    395    422    419 1 
   830    396    403    360 1 
   831    396    407    127 1 
   832    397    418    354 1 
   833    398    422    379 1 
   834    399    400    376 1 
   835    399    414    400 1 
   836    400    414    349 1 
   837    400    416    405 1 
   838    400    418    376 1 
   839    401    409    359 1 
   840    401    420    382 1 
   841    404    410    183 1 
   842    404    411    384 1 
   843    404    415    358 1 
   844    405    416    173 1 
   845    405    418    400 1 
   846    406    413    386 1 
   847    408    409    356 1 
   848    408    417    359 1 
   849    411    421    381 1 
   850    412    413    406 1 
   851    413    419    386 1 
   852    419    422    355 1 
   853    427    430    429 1 
   854    427    432    203 1 
   855    427    434    202 1 
   856    428    429     36 1 
   857    428    434    429 1 
   858    429    430    153 1 
   859    429    434    427 1 
   860    431    433    428 1 
   861    433    434    428 1 
   862    435    436     53 1 
   863    437    438    205 1 
   864    440    487    162 1 
   865    440    506    471 1 
   866    441    469    208 1 
   867    442    476    174 1 
   868    442    477    476 1 
   869    443    484    215 1 
   870    443    500    484 1 
   871    444    496     43 1 
   872    444    497    478 1 
   873    445    470    176 1 
   874    445    491    470 1 
   875    446    466    207 1 
   876    446    495    466 1 
   877    446    501    495 1 
   878    447    451    210 1 
   879    447    462    451 1 
   880    447    468    462 1 
   881    447    493    468 1 
   882    448    472    172 1 
   883    448    473    472 1 
   884    448    482    467 1 
   885    448    505    473 1 
   886    449    493    212 1 
   887    449    498    468 1 
   888    449    503    498 1 
   889    450    481    160 1 
   890    450    489    481 1 
   891    451    452    441 1 
   892    451    502    452 1 
   893    452    453    441 1 
   894    452    454    453 1 
   895    452    486    454 1 
   896    452    502    486 1 
   897    453    469    441 1 
   898    453    485    469 1 
   899    454    455    453 1 
   900    454    456    455 1 
   901    454    461    456 1 
   902    454    486    461 1 
   903    455    485    453 1 
   904    456    457    455 1 
   905    456    458    457 1 
   906    456    504    458 1 
   907    457    459    455 1 
   908    457    460    459 1 
   909    457    479    460 1 
   910    458    479    457 1 
   911    458    488    479 1 
   912    458    494    475 1 
   913    458    504    494 1 
   914    459    485    455 1 
   915    460    463    459 1 
   916    460    464    463 1 
   917    460    471    464 1 
   918    460    479    471 1 
   919    461    490    477 1 
   920    461    504    456 1 
   921    462    502    451 1 
   922    463    465    459 1 
   923    463    492    465 1 
   924    463    500    492 1 
   925    464    500    463 1 
   926    464    506    489 1 
   927    465    485    459 1 
   928    465    501    485 1 
   929    466    495    483 1 
   930    466    499     58 1 
   931    467    482    165 1 
   932    467    505    448 1 
   933    468    470    462 1 
   934    468    493    449 1 
   935    468    507    470 1 
   936    469    501    446 1 
   937    470    491    462 1 
   938    470    507    176 1 
   939    471    480    440 1 
   940    471    506    464 1 
   941    472    474    442 1 
   942    473    474    472 1 
   943    473    475    474 1 
   944    473    478    475 1 
   945    473    505    478 1 
   946    474    477    442 1 
   947    474    494    477 1 
   948    475    488    458 1 
   949    475    494    474 1 
   950    475    497    488 1 
   951    476    490    445 1 
   952    477    490    476 1 
   953    477    504    461 1 
   954    478    496    444 1 
   955    478    497    475 1 
   956    478    505    496 1 
   957    479    480    471 1 
   958    479    488    480 1 
   959    480    487    440 1 
   960    480    497    487 1 
   961    481    506    440 1 
   962    483    492    443 1 
   963    483    495    492 1 
   964    483    499    466 1 
   965    484    489    450 1 
   966    484    500    489 1 
   967    485    501    469 1 
   968    486    490    461 1 
   969    486    491    490 1 
   970    486    502    491 1 
   971    487    497    444 1 
   972    488    497    480 1 
   973    489    500    464 1 
   974    489    506    481 1 
   975    490    491    445 1 
   976    491    502    462 1 
   977    492    495    465 1 
   978    492    500    443 1 
   979    494    504    477 1 
   980    495    501    465 1 
   981    496    505    467 1 
   982    498    503    178 1 
   983    498    507    468 1 
   984    516    517    219 1 
   985    520    521    236 1 
   986    522    523    238 1 
   987    522    524    523 1 
   988    523    524    235 1 
   989    525    526     38 1 
   990    527    528     61 1 
   991    530    536    535 1 
   992    530    538    536 1 
   993    530    539    208 1 
   994    531    537    248 1 
   995    531    538    537 1 
   996    531    542    533 1 
   997    532    534    246 1 
   998    533    538    531 1 
   999    533    542    251 1 
  1000    534    541    246 1 
  1001    534    542    541 1 
  1002    534    543    542 1 
  1003    535    536    253 1 
  1004    535    539    530 1 
  1005    535    540    539 1 
  1006    536    538    533 1 
  1007    537    538    530 1 
  1008    539    540    210 1 
  1009    541    542    531 1 
  1010    542    543    251 1 
  1011    544    545     73 1 
  1012    546    547    236 1 
  1013    546    548    547 1 
  1014    547    548     74 1 
end elements 
 
